Unique_Normalized	P	NP
32338205	101	32338205	32257437,32269673,32248075
32338181	102	32338181	32248076,32248079,32249379
32337923	103	32337923	32249412,32251727,32254188
32337858	104	32337858	32254196,32254198,32254204
32337570	105	32337570	32255168,32263011,32265841
32338208	106	32338208	32268775,32268785,32274372
32337186	107	32337186	32276894,32278771,32281798
32337295	108	32337295	32283210,32283745,32284435
32337128	109	32337128	32293481,32246803,32246809
32336332	110	32336332	32246812,32248388,32248396
